        elseif MyLevel == 1325 or MyLevel <= 1349 or _G.Select_Mob_Farm == "Ship Officer [Lv. 1325]" then -- Ship Officer [Lv. 1325]
            Mon = "Ship Officer [Lv. 1325]"
            NameQuest = "ShipQuest2"
            LevelQuest = 2
            NameMon = "Ship Officer"
            CFrameQuest = CFrame.new(968.80957, 125.092171, 33244.125, -0.869560242, 1.51905191e-08, -0.493826836, 1.44108379e-08, 1, 5.38534195e-09, 0.493826836, -2.43357912e-09, -0.869560242)
            CFrameMon = CFrame.new(786.051941, 181.474106, 33303.2969, 0.999285698, -5.32193063e-08, 0.0377905183, 5.68968588e-08, 1, -9.62386864e-08, -0.0377905183, 9.83201005e-08, 0.999285698)
            SPAWNPOINT = "Ship"
        elseif MyLevel == 1350 or MyLevel <= 1374 or _G.Select_Mob_Farm == "Arctic Warrior [Lv. 1350]" then -- Arctic Warrior [Lv. 1350]
            Mon = "Arctic Warrior [Lv. 1350]"
            NameQuest = "FrostQuest"
            LevelQuest = 1
            NameMon = "Arctic Warrior"
            CFrameQuest = CFrame.new(5669.43506, 28.2117786, -6482.60107, 0.888092756, 1.02705066e-07, 0.459664226, -6.20391774e-08, 1, -1.03572376e-07, -0.459664226, 6.34646895e-08, 0.888092756)
            CFrameMon = CFrame.new(5995.07471, 57.3188477, -6183.47314, 0.702747107, -1.53454167e-07, -0.711440146, -1.08168464e-07, 1, -3.22542007e-07, 0.711440146, 3.03620908e-07, 0.702747107)
            SPAWNPOINT = "IceCastle"
        elseif MyLevel == 1375 or MyLevel <= 1424 or _G.Select_Mob_Farm == "Snow Lurker [Lv. 1375]" then -- Snow Lurker [Lv. 1375]
            Mon = "Snow Lurker [Lv. 1375]"
            NameQuest = "FrostQuest"
            LevelQuest = 2
            NameMon = "Snow Lurker"
            CFrameQuest = CFrame.new(5669.43506, 28.2117786, -6482.60107, 0.888092756, 1.02705066e-07, 0.459664226, -6.20391774e-08, 1, -1.03572376e-07, -0.459664226, 6.34646895e-08, 0.888092756)
            CFrameMon = CFrame.new(5518.00684, 60.5559731, -6828.80518, -0.650781393, -3.64292951e-08, 0.759265184, -4.07668654e-09, 1, 4.44854642e-08, -0.759265184, 2.58550248e-08, -0.650781393)
            SPAWNPOINT = "IceCastle"
        elseif MyLevel == 1425 or MyLevel <= 1449 or _G.Select_Mob_Farm == "Sea Soldier [Lv. 1425]" then -- Sea Soldier [Lv. 1425]
            Mon = "Sea Soldier [Lv. 1425]"
            NameQuest = "ForgottenQuest"
            LevelQuest = 1
            NameMon = "Sea Soldier"
            CFrameQuest = CFrame.new(-3052.99097, 236.881363, -10148.1943, -0.997911751, 4.42321983e-08, 0.064591676, 4.90968759e-08, 1, 7.37270085e-08, -0.064591676, 7.67442998e-08, -0.997911751)
            CFrameMon = CFrame.new(-3029.78467, 66.944252, -9777.38184, -0.998552859, 1.09555076e-08, 0.0537791774, 7.79564235e-09, 1, -5.89660658e-08, -0.0537791774, -5.84614881e-08, -0.998552859)
            SPAWNPOINT = "ForgottenIsland"
        elseif MyLevel >= 1450 or _G.Select_Mob_Farm == "Water Fighter [Lv. 1450]" then -- Water Fighter [Lv. 1450]
            Mon = "Water Fighter [Lv. 1450]"
            NameQuest = "ForgottenQuest"
            LevelQuest = 2
            NameMon = "Water Fighter"
            CFrameQuest = CFrame.new(-3052.99097, 236.881363, -10148.1943, -0.997911751, 4.42321983e-08, 0.064591676, 4.90968759e-08, 1, 7.37270085e-08, -0.064591676, 7.67442998e-08, -0.997911751)
            CFrameMon = CFrame.new(-3262.00098, 298.699615, -10553.6943, -0.233570755, -4.57538185e-08, 0.972339869, -5.80986068e-08, 1, 3.30992194e-08, -0.972339869, -4.87605725e-08, -0.233570755)
            SPAWNPOINT = "ForgottenIsland"
        end
    elseif W3 then
        if MyLevel == 1500 or MyLevel <= 1524 or _G.Select_Mob_Farm == "Pirate Millionaire [Lv. 1500]" then
            Mon = "Pirate Millionaire [Lv. 1500]"
            NameQuest = "PiratePortQuest"
            LevelQuest = 1
            NameMon = "Pirate Millionaire"
            CFrameQuest = CFrame.new(-290.074677, 42.9034653, 5581.58984, 0.965929627, -0, -0.258804798, 0, 1, -0, 0.258804798, 0, 0.965929627)
            CFrameMon = CFrame.new(81.164993286133, 43.755737304688, 5724.7021484375)
            SPAWNPOINT = "Default"
        elseif MyLevel == 1525 or MyLevel <= 1574 or _G.Select_Mob_Farm == "Pistol Billionaire [Lv. 1525]" then
            Mon = "Pistol Billionaire [Lv. 1525]"
            NameQuest = "PiratePortQuest"
            LevelQuest = 2
            NameMon = "Pistol Billionaire"
            CFrameQuest = CFrame.new(-290.074677, 42.9034653, 5581.58984, 0.965929627, -0, -0.258804798, 0, 1, -0, 0.258804798, 0, 0.965929627)
            CFrameMon = CFrame.new(81.164993286133, 43.755737304688, 5724.7021484375)
            SPAWNPOINT = "Default"
        elseif MyLevel == 1575 or MyLevel <= 1599 or _G.Select_Mob_Farm == "Dragon Crew Warrior [Lv. 1575]" then
            Mon = "Dragon Crew Warrior [Lv. 1575]"
            NameQuest = "AmazonQuest"
            LevelQuest = 1
            NameMon = "Dragon Crew Warrior"
            CFrameQuest = CFrame.new(5832.83594, 51.6806107, -1101.51563, 0.898790359, -0, -0.438378751, 0, 1, -0, 0.438378751, 0, 0.898790359)
            CFrameMon = CFrame.new(6241.9951171875, 51.522083282471, -1243.9771728516)
            SPAWNPOINT = "Hydra3"
        elseif MyLevel == 1600 or MyLevel <= 1624 or _G.Select_Mob_Farm == "Dragon Crew Archer [Lv. 1600]" then
            Mon = "Dragon Crew Archer [Lv. 1600]"
            NameQuest = "AmazonQuest"
            LevelQuest = 2
            NameMon = "Dragon Crew Archer"
            CFrameQuest = CFrame.new(5832.83594, 51.6806107, -1101.51563, 0.898790359, -0, -0.438378751, 0, 1, -0, 0.438378751, 0, 0.898790359)
            CFrameMon = CFrame.new(6488.9155273438, 383.38375854492, -110.66246032715)
            SPAWNPOINT = "Hydra3"
        elseif MyLevel == 1625 or MyLevel <= 1649 or _G.Select_Mob_Farm == "Female Islander [Lv. 1625]" then
            Mon = "Female Islander [Lv. 1625]"
            NameQuest = "AmazonQuest2"
            LevelQuest = 1
            NameMon = "Female Islander"
            CFrameQuest = CFrame.new(5448.86133, 601.516174, 751.130676, 0, 0, 1, 0, 1, -0, -1, 0, 0)
            CFrameMon = CFrame.new(4770.4990234375, 758.95520019531, 1069.8680419922)
            SPAWNPOINT = "Hydra1"
        elseif MyLevel == 1650 or MyLevel <= 1699 or _G.Select_Mob_Farm == "Giant Islander [Lv. 1650]" then
            Mon = "Giant Islander [Lv. 1650]"
            NameQuest = "AmazonQuest2"
            LevelQuest = 2
            NameMon = "Giant Islander"
            CFrameQuest = CFrame.new(5448.86133, 601.516174, 751.130676, 0, 0, 1, 0, 1, -0, -1, 0, 0)
            CFrameMon = CFrame.new(4530.3540039063, 656.75695800781, -131.60952758789)
            SPAWNPOINT = "Hydra1"
        elseif MyLevel == 1700 or MyLevel <= 1724 or _G.Select_Mob_Farm == "Marine Commodore [Lv. 1700]" then
            Mon = "Marine Commodore [Lv. 1700]"
            NameQuest = "MarineTreeIsland"
            LevelQuest = 1
            NameMon = "Marine Commodore"
            CFrameQuest = CFrame.new(2180.54126, 27.8156815, -6741.5498, -0.965929747, 0, 0.258804798, 0, 1, 0, -0.258804798, 0, -0.965929747)
            CFrameMon = CFrame.new(2490.0844726563, 190.4232635498, -7160.0502929688)
            SPAWNPOINT = "GreatTree"
        elseif MyLevel == 1725 or MyLevel <= 1774 or _G.Select_Mob_Farm == "Marine Rear Admiral [Lv. 1725]" then
            Mon = "Marine Rear Admiral [Lv. 1725]"
            NameQuest = "MarineTreeIsland"
            LevelQuest = 2
            NameMon = "Marine Rear Admiral"
            CFrameQuest = CFrame.new(2180.54126, 27.8156815, -6741.5498, -0.965929747, 0, 0.258804798, 0, 1, 0, -0.258804798, 0, -0.965929747)
            CFrameMon = CFrame.new(3951.3903808594, 229.11549377441, -6912.81640625)
            SPAWNPOINT = "GreatTree"
        elseif MyLevel == 1775 or MyLevel <= 1799 or _G.Select_Mob_Farm == "Fishman Raider [Lv. 1775]" then
            Mon = "Fishman Raider [Lv. 1775]"
            NameQuest = "DeepForestIsland3"
            LevelQuest = 1
            NameMon = "Fishman Raider"
            CFrameQuest = CFrame.new(-10581.6563, 330.872955, -8761.18652, -0.882952213, 0, 0.469463557, 0, 1, 0, -0.469463557, 0, -0.882952213)
            CFrameMon = CFrame.new(-10322.400390625, 390.94473266602, -8580.0908203125)
            SPAWNPOINT = "PineappleTown"
        elseif MyLevel == 1800 or MyLevel <= 1824 or _G.Select_Mob_Farm == "Fishman Captain [Lv. 1800]" then
            Mon = "Fishman Captain [Lv. 1800]"
            NameQuest = "DeepForestIsland3"
            LevelQuest = 2
            NameMon = "Fishman Captain"
            CFrameQuest = CFrame.new(-10581.6563, 330.872955, -8761.18652, -0.882952213, 0, 0.469463557, 0, 1, 0, -0.469463557, 0, -0.882952213)
            CFrameMon = CFrame.new(-11194.541992188, 442.02795410156, -8608.806640625)
            SPAWNPOINT = "PineappleTown"
        elseif MyLevel == 1825 or MyLevel <= 1849 or _G.Select_Mob_Farm == "Forest Pirate [Lv. 1825]" then
            Mon = "Forest Pirate [Lv. 1825]"
            NameQuest = "DeepForestIsland"
            LevelQuest = 1
            NameMon = "Forest Pirate"
            CFrameQuest = CFrame.new(-13234.04, 331.488495, -7625.40137, 0.707134247, -0, -0.707079291, 0, 1, -0, 0.707079291, 0, 0.707134247)
            CFrameMon = CFrame.new(-13225.809570313, 428.19387817383, -7753.1245117188)
            SPAWNPOINT = "BigMansion"
        elseif MyLevel == 1850 or MyLevel <= 1899 or _G.Select_Mob_Farm == "Mythological Pirate [Lv. 1850]" then
            Mon = "Mythological Pirate [Lv. 1850]"
            NameQuest = "DeepForestIsland"
            LevelQuest = 2
            NameMon = "Mythological Pirate"
            CFrameQuest = CFrame.new(-13234.04, 331.488495, -7625.40137, 0.707134247, -0, -0.707079291, 0, 1, -0, 0.707079291, 0, 0.707134247)
            CFrameMon = CFrame.new(-13869.172851563, 564.95251464844, -7084.4135742188)
            SPAWNPOINT = "BigMansion"
        elseif MyLevel == 1900 or MyLevel <= 1924 or _G.Select_Mob_Farm == "Jungle Pirate [Lv. 1900]" then
            Mon = "Jungle Pirate [Lv. 1900]"
            NameQuest = "DeepForestIsland2"
            LevelQuest = 1
            NameMon = "Jungle Pirate"
            CFrameQuest = CFrame.new(-12680.3818, 389.971039, -9902.01953, -0.0871315002, 0, 0.996196866, 0, 1, 0, -0.996196866, 0, -0.0871315002)
            CFrameMon = CFrame.new(-11982.221679688, 376.32522583008, -10451.415039063)
            SPAWNPOINT = "PineappleTown"
        elseif MyLevel == 1925 or MyLevel <= 1974 or _G.Select_Mob_Farm == "Musketeer Pirate [Lv. 1925]" then
            Mon = "Musketeer Pirate [Lv. 1925]"
            NameQuest = "DeepForestIsland2"
            LevelQuest = 2
            NameMon = "Musketeer Pirate"
            CFrameQuest = CFrame.new(-12680.3818, 389.971039, -9902.01953, -0.0871315002, 0, 0.996196866, 0, 1, 0, -0.996196866, 0, -0.0871315002)
            CFrameMon = CFrame.new(-13282.3046875, 496.23684692383, -9565.150390625)
            SPAWNPOINT = "PineappleTown"
        elseif MyLevel == 1975 or MyLevel <= 1999 or _G.Select_Mob_Farm == "Reborn Skeleton [Lv. 1975]" then
            Mon = "Reborn Skeleton [Lv. 1975]"
            NameQuest = "HauntedQuest1"
            LevelQuest = 1
            NameMon = "Reborn Skeleton"
            CFrameQuest = CFrame.new(-9479.2168, 141.215088, 5566.09277, 0, 0, 1, 0, 1, -0, -1, 0, 0)
            CFrameMon = CFrame.new(-8761.3154296875, 164.85829162598, 6161.1567382813)
            SPAWNPOINT = "HauntedCastle"
        elseif MyLevel == 2000 or MyLevel <= 2024 or _G.Select_Mob_Farm == "Living Zombie [Lv. 2000]" then
            Mon = "Living Zombie [Lv. 2000]"
            NameQuest = "HauntedQuest1"
            LevelQuest = 2
            NameMon = "Living Zombie"
            CFrameQuest = CFrame.new(-9479.2168, 141.215088, 5566.09277, 0, 0, 1, 0, 1, -0, -1, 0, 0)
            CFrameMon = CFrame.new(-10093.930664063, 237.38233947754, 6180.5654296875)
            SPAWNPOINT = "HauntedCastle"
        elseif MyLevel == 2025 or MyLevel <= 2049 or _G.Select_Mob_Farm == "Demonic Soul [Lv. 2025]" then
            Mon = "Demonic Soul [Lv. 2025]"
            NameQuest = "HauntedQuest2"
            LevelQuest = 1
            NameMon = "Demonic Soul"
            CFrameQuest = CFrame.new(-9514.78027, 171.162918, 6078.82373, 0.301918149, 7.4535027e-09, 0.953333855, -3.22802141e-09, 1, -6.79604995e-09, -0.953333855, -1.02553133e-09, 0.301918149)
            CFrameMon = CFrame.new(-9466.72949, 171.162918, 6132.01514)
            SPAWNPOINT = "HauntedCastle"
        elseif MyLevel == 2050 or MyLevel <= 2074 or _G.Select_Mob_Farm == "Posessed Mummy [Lv. 2050]" then
            Mon = "Posessed Mummy [Lv. 2050]" 
            NameQuest = "HauntedQuest2"
            LevelQuest = 2
            NameMon = "Posessed Mummy"
            CFrameQuest = CFrame.new(-9514.78027, 171.162918, 6078.82373, 0.301918149, 7.4535027e-09, 0.953333855, -3.22802141e-09, 1, -6.79604995e-09, -0.953333855, -1.02553133e-09, 0.301918149)
            CFrameMon = CFrame.new(-9589.93848, 4.85058546, 6190.27197)
            SPAWNPOINT = "HauntedCastle"
        elseif MyLevel == 2075 or MyLevel <= 2099 or _G.Select_Mob_Farm == "Peanut Scout [Lv. 2075]" then
            Mon = "Peanut Scout [Lv. 2075]"
            NameQuest = "NutsIslandQuest"
            LevelQuest = 1
            NameMon = "Peanut Scout"
            CFrameQuest = CFrame.new(-2103.9375, 38.139019012451, -10192.702148438)
            CFrameMon = CFrame.new(-2150.587890625, 122.49767303467, -10358.994140625)
            SPAWNPOINT = "Peanut"
        elseif MyLevel == 2100 or MyLevel <= 2124 or _G.Select_Mob_Farm == "Peanut President [Lv. 2100]" then
            Mon = "Peanut President [Lv. 2100]"
            NameQuest = "NutsIslandQuest"
            LevelQuest = 2
            NameMon = "Peanut President"
            CFrameQuest = CFrame.new(-2103.9375, 38.139019012451, -10192.702148438)
            CFrameMon = CFrame.new(-2150.587890625, 122.49767303467, -10358.994140625)
            SPAWNPOINT = "Peanut"
        elseif MyLevel == 2125 or MyLevel <= 2149 or _G.Select_Mob_Farm == "Ice Cream Chef [Lv. 2125]" then
            Mon = "Ice Cream Chef [Lv. 2125]"
            NameQuest = "IceCreamIslandQuest"
            LevelQuest = 1
            NameMon = "Ice Cream Chef"
            CFrameQuest = CFrame.new(-819.84533691406, 65.845329284668, -10965.487304688)
            CFrameMon = CFrame.new(-890.55895996094, 186.34135437012, -11127.306640625)
            SPAWNPOINT = "IceCream"
        elseif MyLevel == 2150 or MyLevel <= 2199 or _G.Select_Mob_Farm == "Ice Cream Commander [Lv. 2150]" then
            Mon = "Ice Cream Commander [Lv. 2150]"
            NameQuest = "IceCreamIslandQuest"
            LevelQuest = 2
            NameMon = "Ice Cream Commander"
            CFrameQuest = CFrame.new(-819.84533691406, 65.845329284668, -10965.487304688)
            CFrameMon = CFrame.new(-890.55895996094, 186.34135437012, -11127.306640625)
            SPAWNPOINT = "IceCream"
        elseif MyLevel == 2200 or MyLevel <= 2224 or _G.Select_Mob_Farm == "Cookie Crafter [Lv. 2200]" then
            Mon = "Cookie Crafter [Lv. 2200]"
            NameQuest = "CakeQuest1"
            LevelQuest = 1
            NameMon = "Cookie Crafter"
            CFrameQuest = CFrame.new(-2021.5509033203125, 37.798221588134766, -12028.103515625)
            CFrameMon = CFrame.new(-2273.00244140625, 90.22590637207031, -12151.62109375)
            SPAWNPOINT = "Loaf"
        elseif MyLevel == 2225 or MyLevel <= 2249 or _G.Select_Mob_Farm == "Cake Guard [Lv. 2225]" then
            Mon = "Cake Guard [Lv. 2225]"
            NameQuest = "CakeQuest1"
            LevelQuest = 2
            NameMon = "Cake Guard"
            CFrameQuest = CFrame.new(-2021.5509033203125, 37.798221588134766, -12028.103515625)
            CFrameMon = CFrame.new(-1442.373046875, 158.14111328125, -12277.37109375)
            SPAWNPOINT = "Loaf"
        elseif MyLevel == 2250 or MyLevel <= 2274 or _G.Select_Mob_Farm == "Baking Staff [Lv. 2250]" then
            Mon = "Baking Staff [Lv. 2250]"
            NameQuest = "CakeQuest2"
            LevelQuest = 1
            NameMon = "Baking Staff"
            CFrameQuest = CFrame.new(-1927.9107666015625, 37.79813003540039, -12843.78515625)
            CFrameMon = CFrame.new(-1837.2803955078125, 129.0594482421875, -12934.5498046875)
            SPAWNPOINT = "Loaf"
        elseif MyLevel == 2275 or MyLevel <= 2299 or _G.Select_Mob_Farm == "Head Baker [Lv. 2275]" then
            Mon = "Head Baker [Lv. 2275]"
            NameQuest = "CakeQuest2"
            LevelQuest = 2
            NameMon = "Head Baker"
            CFrameQuest = CFrame.new(-1927.9107666015625, 37.79813003540039, -12843.78515625)
            CFrameMon = CFrame.new(-2203.302490234375, 109.90937042236328, -12788.7333984375)
            SPAWNPOINT = "Loaf"
        elseif MyLevel == 2300 or MyLevel <= 2324 or _G.Select_Mob_Farm == "Cocoa Warrior [Lv. 2300]" then
            Mon = "Cocoa Warrior [Lv. 2300]"
            NameQuest = "ChocQuest1"
            LevelQuest = 1
            NameMon = "Cocoa Warrior"
            CFrameQuest = CFrame.new(231.13571166992188, 24.734268188476562, -12195.1162109375)
            CFrameMon = CFrame.new(231.13571166992188, 24.734268188476562, -12195.1162109375)
            SPAWNPOINT = "Chocolate"
        elseif MyLevel == 2325 or MyLevel <= 2349 or _G.Select_Mob_Farm == "Chocolate Bar Battler [Lv. 2325]" then
            Mon = "Chocolate Bar Battler [Lv. 2325]"
            NameQuest = "ChocQuest1"
            LevelQuest = 2
            NameMon = "Chocolate Bar Battler"
            CFrameQuest = CFrame.new(231.13571166992188, 24.734268188476562, -12195.1162109375)
            CFrameMon = CFrame.new(231.13571166992188, 24.734268188476562, -12195.1162109375)
            SPAWNPOINT = "Chocolate"
        elseif MyLevel == 2350 or MyLevel <= 2374 or _G.Select_Mob_Farm == "Sweet Thief [Lv. 2350]" then
            Mon = "Sweet Thief [Lv. 2350]"
            NameQuest = "ChocQuest2"
            LevelQuest = 1
            NameMon = "Sweet Thief"
            CFrameQuest = CFrame.new(147.52256774902344, 24.793832778930664, -12775.3583984375)
            CFrameMon = CFrame.new(147.52256774902344, 24.793832778930664, -12775.3583984375)
            SPAWNPOINT = "Chocolate"
        elseif MyLevel >= 2375 or _G.Select_Mob_Farm == "Candy Rebel [Lv. 2375]" then
            Mon = "Candy Rebel [Lv. 2375]"
            NameQuest = "ChocQuest2"
            LevelQuest = 2
            NameMon = "Candy Rebel"
            CFrameQuest = CFrame.new(147.52256774902344, 24.793832778930664, -12775.3583984375)
            CFrameMon = CFrame.new(147.52256774902344, 24.793832778930664, -12775.3583984375)
            SPAWNPOINT = "Chocolate"
        end
    end
end


function topos(Pos)
    Distance = (Pos.Position - game.Players.LocalPlayer.Character.HumanoidRootPart.Position).Magnitude
    if game.Players.LocalPlayer.Character.Humanoid.Sit == true then game.Players.LocalPlayer.Character.Humanoid.Sit = false end
    pcall(function() tween = game:GetService("TweenService"):Create(game.Players.LocalPlayer.Character.HumanoidRootPart,TweenInfo.new(Distance/210, Enum.EasingStyle.Linear),{CFrame = Pos}) end)
    tween:Play()
    if Distance <= 250 then
        tween:Cancel()
        game.Players.LocalPlayer.Character.HumanoidRootPart.CFrame = Pos
    end
    if _G.StopTween == true then
        tween:Cancel()
        _G.Clip = false
    end
  end

function Click()
    game:GetService'VirtualUser':CaptureController()
    game:GetService'VirtualUser':Button1Down(Vector2.new(1280, 672))
  end
  
  function AutoHaki()
    if not game:GetService("Players").LocalPlayer.Character:FindFirstChild("HasBuso") then
        game:GetService("ReplicatedStorage").Remotes.CommF_:InvokeServer("Buso")
    end
  end
  
  function EquipWeapon(ToolSe)
    if game.Players.LocalPlayer.Backpack:FindFirstChild(ToolSe) then
    local tool = game.Players.LocalPlayer.Backpack:FindFirstChild(ToolSe)
    wait(.4)
    game.Players.LocalPlayer.Character.Humanoid:EquipTool(tool)
  end
  end

coroutine.wrap(function()
local StopCamera = require(game.ReplicatedStorage.Util.CameraShaker)StopCamera:Stop()
    for v,v in pairs(getreg()) do
        if typeof(v) == "function" and getfenv(v).script == game:GetService("Players").LocalPlayer.PlayerScripts.CombatFramework then
             for v,v in pairs(debug.getupvalues(v)) do
                if typeof(v) == "table" then
                    spawn(function()
                        game:GetService("RunService").RenderStepped:Connect(function()
                            if _G.FastAttack then
                                 pcall(function()
                                     v.activeController.timeToNextAttack = -(math.huge^math.huge^math.huge)
                                     v.activeController.attacking = false
                                     v.activeController.increment = 4
                                     v.activeController.blocking = false   
                                     v.activeController.hitboxMagnitude = 150
                                     v.activeController.humanoid.AutoRotate = true
                                       v.activeController.focusStart = 0
                                       v.activeController.currentAttackTrack = 0
                                     sethiddenproperty(game:GetService("Players").LocalPlayer, "SimulationRaxNerous", math.huge)
                                 end)
                             end
                         end)
                    end)
                end
            end
        end
    end
end)();

spawn(function()
    while wait() do
        if _G.Auto_Farm then
                pcall(function()
                    if not string.find(game:GetService("Players").LocalPlayer.PlayerGui.Main.Quest.Container.QuestTitle.Title.Text, NameMon) then
                        game:GetService("ReplicatedStorage").Remotes.CommF_:InvokeServer("AbandonQuest")
                    end
                    if game:GetService("Players").LocalPlayer.PlayerGui.Main.Quest.Visible == false then
                        CheckQuest()
                            game:GetService("ReplicatedStorage").Remotes.CommF_:InvokeServer("StartQuest",NameQuest,LevelQuest)
                        end
                    if game:GetService("Players").LocalPlayer.PlayerGui.Main.Quest.Visible == true then
                        CheckQuest()
                        if game:GetService("Workspace").Enemies:FindFirstChild(Mon) then
                            for i,v in pairs(game:GetService("Workspace").Enemies:GetChildren()) do
                                if v:FindFirstChild("HumanoidRootPart") and v:FindFirstChild("Humanoid") and v.Humanoid.Health > 0 then
                                    if v.Name == Mon then
                                        repeat wait()
                                            if string.find(game:GetService("Players").LocalPlayer.PlayerGui.Main.Quest.Container.QuestTitle.Title.Text, NameMon) then
                                                EquipWeapon(_G.SelectWeapon)
                                                AutoHaki()
                                                StartMagnet = true
                                                topos(game:GetService("Workspace").Enemies[Mon].HumanoidRootPart.CFrame * CFrame.new(0, 30, 1))
                                                game:GetService'VirtualUser':CaptureController()
                                                game:GetService'VirtualUser':Button1Down(Vector2.new(1280, 672))
                                            else
                                                StartMagnet = false
                                                game:GetService("ReplicatedStorage").Remotes.CommF_:InvokeServer("AbandonQuest")
                                            end
                                        until not _G.Auto_Farm or v.Humanoid.Health <= 0 or not v.Parent or game:GetService("Players").LocalPlayer.PlayerGui.Main.Quest.Visible == false
                                    end
                                end
                            end
                        else
                            StartMagnet = false
                            if game:GetService("ReplicatedStorage"):FindFirstChild(Mon) then
                                topos(game:GetService("ReplicatedStorage"):FindFirstChild(Mon).HumanoidRootPart.CFrame * CFrame.new(0,20,0))
                            else	
                                topos(CFrameMon)
                            end
                        end
                    end
                end)
            end
        end
    end)

    spawn(function()
        game:GetService("RunService").RenderStepped:Connect(function()
         pcall(function()
             if _G.Auto_Farm then
                 CheckQuest()
     for i,v in pairs(game:GetService("Workspace").Enemies:GetChildren()) do
                         for i2,v2 in pairs(game:GetService("Workspace").Enemies:GetChildren()) do
                             if v.Name == Mon and v2.Name == Mon then
                                 v2.HumanoidRootPart.CFrame = v.HumanoidRootPart.CFrame
                                 v2.HumanoidRootPart.CanCollide = false
                                 v2.HumanoidRootPart.CanCollide = false
                                 v2.Head.CanCollide = false
                                 v.Head.CanCollide = false
                                 v2.Humanoid.WalkSpeed = 0
                                 v.Humanoid.WalkSpeed = 0
                                 if v.Humanoid:FindFirstChild("Animator") then
                                     v.Humanoid.Animator:Destroy()
                                 end
                                 sethiddenproperty(game.Players.LocalPlayer, "SimulationRadius", math.huge)
     v.Humanoid:ChangeState(11)
                             end
                         end
                     end
                 end
             end)
         end)
     end)
     
     
     spawn(function()
         game:GetService("RunService").Heartbeat:Connect(function()
             if game:GetService("Players").LocalPlayer.Character:FindFirstChild("Humanoid") and _G.Auto_Farm then
                 setfflag("HumanoidParallelRemoveNoPhysics", "False")
                 setfflag("HumanoidParallelRemoveNoPhysicsNoSimulate2", "False")
                 game:GetService("Players").LocalPlayer.Character.Humanoid:ChangeState(11)
             end
         end)
     end)
     
            CFrameMon = CFrame.new(-10322.400390625, 390.94473266602, -8580.0908203125)
            SPAWNPOINT = "PineappleTown"
        elseif MyLevel == 1800 or MyLevel <= 1824 or _G.Select_Mob_Farm == "Fishman Captain [Lv. 1800]" then
            Mon = "Fishman Captain [Lv. 1800]"
            NameQuest = "DeepForestIsland3"
            LevelQuest = 2
            NameMon = "Fishman Captain"
            CFrameQuest = CFrame.new(-10581.6563, 330.872955, -8761.18652, -0.882952213, 0, 0.469463557, 0, 1, 0, -0.469463557, 0, -0.882952213)
            CFrameMon = CFrame.new(-11194.541992188, 442.02795410156, -8608.806640625)
            SPAWNPOINT = "PineappleTown"
        elseif MyLevel == 1825 or MyLevel <= 1849 or _G.Select_Mob_Farm == "Forest Pirate [Lv. 1825]" then
            Mon = "Forest Pirate [Lv. 1825]"
            NameQuest = "DeepForestIsland"
            LevelQuest = 1
            NameMon = "Forest Pirate"
            CFrameQuest = CFrame.new(-13234.04, 331.488495, -7625.40137, 0.707134247, -0, -0.707079291, 0, 1, -0, 0.707079291, 0, 0.707134247)
            CFrameMon = CFrame.new(-13225.809570313, 428.19387817383, -7753.1245117188)
            SPAWNPOINT = "BigMansion"
        elseif MyLevel == 1850 or MyLevel <= 1899 or _G.Select_Mob_Farm == "Mythological Pirate [Lv. 1850]" then
            Mon = "Mythological Pirate [Lv. 1850]"
            NameQuest = "DeepForestIsland"
            LevelQuest = 2
            NameMon = "Mythological Pirate"
            CFrameQuest = CFrame.new(-13234.04, 331.488495, -7625.40137, 0.707134247, -0, -0.707079291, 0, 1, -0, 0.707079291, 0, 0.707134247)
            CFrameMon = CFrame.new(-13869.172851563, 564.95251464844, -7084.4135742188)
            SPAWNPOINT = "BigMansion"
        elseif MyLevel == 1900 or MyLevel <= 1924 or _G.Select_Mob_Farm == "Jungle Pirate [Lv. 1900]" then
            Mon = "Jungle Pirate [Lv. 1900]"
            NameQuest = "DeepForestIsland2"
            LevelQuest = 1
            NameMon = "Jungle Pirate"
            CFrameQuest = CFrame.new(-12680.3818, 389.971039, -9902.01953, -0.0871315002, 0, 0.996196866, 0, 1, 0, -0.996196866, 0, -0.0871315002)
            CFrameMon = CFrame.new(-11982.221679688, 376.32522583008, -10451.415039063)
            SPAWNPOINT = "PineappleTown"
        elseif MyLevel == 1925 or MyLevel <= 1974 or _G.Select_Mob_Farm == "Musketeer Pirate [Lv. 1925]" then
            Mon = "Musketeer Pirate [Lv. 1925]"
            NameQuest = "DeepForestIsland2"
            LevelQuest = 2
            NameMon = "Musketeer Pirate"
            CFrameQuest = CFrame.new(-12680.3818, 389.971039, -9902.01953, -0.0871315002, 0, 0.996196866, 0, 1, 0, -0.996196866, 0, -0.0871315002)
            CFrameMon = CFrame.new(-13282.3046875, 496.23684692383, -9565.150390625)
            SPAWNPOINT = "PineappleTown"
        elseif MyLevel == 1975 or MyLevel <= 1999 or _G.Select_Mob_Farm == "Reborn Skeleton [Lv. 1975]" then
            Mon = "Reborn Skeleton [Lv. 1975]"
            NameQuest = "HauntedQuest1"
            LevelQuest = 1
            NameMon = "Reborn Skeleton"
            CFrameQuest = CFrame.new(-9479.2168, 141.215088, 5566.09277, 0, 0, 1, 0, 1, -0, -1, 0, 0)
            CFrameMon = CFrame.new(-8761.3154296875, 164.85829162598, 6161.1567382813)
            SPAWNPOINT = "HauntedCastle"
        elseif MyLevel == 2000 or MyLevel <= 2024 or _G.Select_Mob_Farm == "Living Zombie [Lv. 2000]" then
            Mon = "Living Zombie [Lv. 2000]"
            NameQuest = "HauntedQuest1"
            LevelQuest = 2
            NameMon = "Living Zombie"
            CFrameQuest = CFrame.new(-9479.2168, 141.215088, 5566.09277, 0, 0, 1, 0, 1, -0, -1, 0, 0)
            CFrameMon = CFrame.new(-10093.930664063, 237.38233947754, 6180.5654296875)
            SPAWNPOINT = "HauntedCastle"
        elseif MyLevel == 2025 or MyLevel <= 2049 or _G.Select_Mob_Farm == "Demonic Soul [Lv. 2025]" then
            Mon = "Demonic Soul [Lv. 2025]"
            NameQuest = "HauntedQuest2"
            LevelQuest = 1
            NameMon = "Demonic Soul"
            CFrameQuest = CFrame.new(-9514.78027, 171.162918, 6078.82373, 0.301918149, 7.4535027e-09, 0.953333855, -3.22802141e-09, 1, -6.79604995e-09, -0.953333855, -1.02553133e-09, 0.301918149)
            CFrameMon = CFrame.new(-9466.72949, 171.162918, 6132.01514)
            SPAWNPOINT = "HauntedCastle"
        elseif MyLevel == 2050 or MyLevel <= 2074 or _G.Select_Mob_Farm == "Posessed Mummy [Lv. 2050]" then
            Mon = "Posessed Mummy [Lv. 2050]" 
            NameQuest = "HauntedQuest2"
            LevelQuest = 2
            NameMon = "Posessed Mummy"
            CFrameQuest = CFrame.new(-9514.78027, 171.162918, 6078.82373, 0.301918149, 7.4535027e-09, 0.953333855, -3.22802141e-09, 1, -6.79604995e-09, -0.953333855, -1.02553133e-09, 0.301918149)
            CFrameMon = CFrame.new(-9589.93848, 4.85058546, 6190.27197)
            SPAWNPOINT = "HauntedCastle"
        elseif MyLevel == 2075 or MyLevel <= 2099 or _G.Select_Mob_Farm == "Peanut Scout [Lv. 2075]" then
            Mon = "Peanut Scout [Lv. 2075]"
            NameQuest = "NutsIslandQuest"
            LevelQuest = 1
            NameMon = "Peanut Scout"
            CFrameQuest = CFrame.new(-2103.9375, 38.139019012451, -10192.702148438)
            CFrameMon = CFrame.new(-2150.587890625, 122.49767303467, -10358.994140625)
            SPAWNPOINT = "Peanut"
        elseif MyLevel == 2100 or MyLevel <= 2124 or _G.Select_Mob_Farm == "Peanut President [Lv. 2100]" then
            Mon = "Peanut President [Lv. 2100]"
            NameQuest = "NutsIslandQuest"
            LevelQuest = 2
            NameMon = "Peanut President"
            CFrameQuest = CFrame.new(-2103.9375, 38.139019012451, -10192.702148438)
            CFrameMon = CFrame.new(-2150.587890625, 122.49767303467, -10358.994140625)
            SPAWNPOINT = "Peanut"
        elseif MyLevel == 2125 or MyLevel <= 2149 or _G.Select_Mob_Farm == "Ice Cream Chef [Lv. 2125]" then
            Mon = "Ice Cream Chef [Lv. 2125]"
            NameQuest = "IceCreamIslandQuest"
            LevelQuest = 1
            NameMon = "Ice Cream Chef"
            CFrameQuest = CFrame.new(-819.84533691406, 65.845329284668, -10965.487304688)
            CFrameMon = CFrame.new(-890.55895996094, 186.34135437012, -11127.306640625)
            SPAWNPOINT = "IceCream"
        elseif MyLevel == 2150 or MyLevel <= 2199 or _G.Select_Mob_Farm == "Ice Cream Commander [Lv. 2150]" then
            Mon = "Ice Cream Commander [Lv. 2150]"
            NameQuest = "IceCreamIslandQuest"
            LevelQuest = 2
            NameMon = "Ice Cream Commander"
            CFrameQuest = CFrame.new(-819.84533691406, 65.845329284668, -10965.487304688)
            CFrameMon = CFrame.new(-890.55895996094, 186.34135437012, -11127.306640625)
            SPAWNPOINT = "IceCream"
        elseif MyLevel == 2200 or MyLevel <= 2224 or _G.Select_Mob_Farm == "Cookie Crafter [Lv. 2200]" then
            Mon = "Cookie Crafter [Lv. 2200]"
            NameQuest = "CakeQuest1"
            LevelQuest = 1
            NameMon = "Cookie Crafter"
            CFrameQuest = CFrame.new(-2021.5509033203125, 37.798221588134766, -12028.103515625)
            CFrameMon = CFrame.new(-2273.00244140625, 90.22590637207031, -12151.62109375)
            SPAWNPOINT = "Loaf"
        elseif MyLevel == 2225 or MyLevel <= 2249 or _G.Select_Mob_Farm == "Cake Guard [Lv. 2225]" then
            Mon = "Cake Guard [Lv. 2225]"
            NameQuest = "CakeQuest1"
            LevelQuest = 2
            NameMon = "Cake Guard"
            CFrameQuest = CFrame.new(-2021.5509033203125, 37.798221588134766, -12028.103515625)
            CFrameMon = CFrame.new(-1442.373046875, 158.14111328125, -12277.37109375)
            SPAWNPOINT = "Loaf"
        elseif MyLevel == 2250 or MyLevel <= 2274 or _G.Select_Mob_Farm == "Baking Staff [Lv. 2250]" then
            Mon = "Baking Staff [Lv. 2250]"
            NameQuest = "CakeQuest2"
            LevelQuest = 1
            NameMon = "Baking Staff"
            CFrameQuest = CFrame.new(-1927.9107666015625, 37.79813003540039, -12843.78515625)
            CFrameMon = CFrame.new(-1837.2803955078125, 129.0594482421875, -12934.5498046875)
            SPAWNPOINT = "Loaf"
        elseif MyLevel == 2275 or MyLevel <= 2299 or _G.Select_Mob_Farm == "Head Baker [Lv. 2275]" then
            Mon = "Head Baker [Lv. 2275]"
            NameQuest = "CakeQuest2"
            LevelQuest = 2
            NameMon = "Head Baker"
            CFrameQuest = CFrame.new(-1927.9107666015625, 37.79813003540039, -12843.78515625)
            CFrameMon = CFrame.new(-2203.302490234375, 109.90937042236328, -12788.7333984375)
            SPAWNPOINT = "Loaf"
        elseif MyLevel == 2300 or MyLevel <= 2324 or _G.Select_Mob_Farm == "Cocoa Warrior [Lv. 2300]" then
            Mon = "Cocoa Warrior [Lv. 2300]"
            NameQuest = "ChocQuest1"
            LevelQuest = 1
            NameMon = "Cocoa Warrior"
            CFrameQuest = CFrame.new(231.13571166992188, 24.734268188476562, -12195.1162109375)
            CFrameMon = CFrame.new(231.13571166992188, 24.734268188476562, -12195.1162109375)
            SPAWNPOINT = "Chocolate"
        elseif MyLevel == 2325 or MyLevel <= 2349 or _G.Select_Mob_Farm == "Chocolate Bar Battler [Lv. 2325]" then
            Mon = "Chocolate Bar Battler [Lv. 2325]"
            NameQuest = "ChocQuest1"
            LevelQuest = 2
            NameMon = "Chocolate Bar Battler"
            CFrameQuest = CFrame.new(231.13571166992188, 24.734268188476562, -12195.1162109375)
            CFrameMon = CFrame.new(231.13571166992188, 24.734268188476562, -12195.1162109375)
            SPAWNPOINT = "Chocolate"
        elseif MyLevel == 2350 or MyLevel <= 2374 or _G.Select_Mob_Farm == "Sweet Thief [Lv. 2350]" then
            Mon = "Sweet Thief [Lv. 2350]"
            NameQuest = "ChocQuest2"
            LevelQuest = 1
            NameMon = "Sweet Thief"
            CFrameQuest = CFrame.new(147.52256774902344, 24.793832778930664, -12775.3583984375)
            CFrameMon = CFrame.new(147.52256774902344, 24.793832778930664, -12775.3583984375)
            SPAWNPOINT = "Chocolate"
        elseif MyLevel >= 2375 or _G.Select_Mob_Farm == "Candy Rebel [Lv. 2375]" then
            Mon = "Candy Rebel [Lv. 2375]"
            NameQuest = "ChocQuest2"
            LevelQuest = 2
            NameMon = "Candy Rebel"
            CFrameQuest = CFrame.new(147.52256774902344, 24.793832778930664, -12775.3583984375)
            CFrameMon = CFrame.new(147.52256774902344, 24.793832778930664, -12775.3583984375)
            SPAWNPOINT = "Chocolate"
        end
    end
end


function topos(Pos)
    Distance = (Pos.Position - game.Players.LocalPlayer.Character.HumanoidRootPart.Position).Magnitude
    if game.Players.LocalPlayer.Character.Humanoid.Sit == true then game.Players.LocalPlayer.Character.Humanoid.Sit = false end
    pcall(function() tween = game:GetService("TweenService"):Create(game.Players.LocalPlayer.Character.HumanoidRootPart,TweenInfo.new(Distance/210, Enum.EasingStyle.Linear),{CFrame = Pos}) end)
    tween:Play()
    if Distance <= 250 then
        tween:Cancel()
        game.Players.LocalPlayer.Character.HumanoidRootPart.CFrame = Pos
    end
    if _G.StopTween == true then
        tween:Cancel()
        _G.Clip = false
    end
  end

function Click()
    game:GetService'VirtualUser':CaptureController()
    game:GetService'VirtualUser':Button1Down(Vector2.new(1280, 672))
  end
  
  function AutoHaki()
    if not game:GetService("Players").LocalPlayer.Character:FindFirstChild("HasBuso") then
        game:GetService("ReplicatedStorage").Remotes.CommF_:InvokeServer("Buso")
    end
  end
  
  function EquipWeapon(ToolSe)
    if game.Players.LocalPlayer.Backpack:FindFirstChild(ToolSe) then
    local tool = game.Players.LocalPlayer.Backpack:FindFirstChild(ToolSe)
    wait(.4)
    game.Players.LocalPlayer.Character.Humanoid:EquipTool(tool)
  end
  end

coroutine.wrap(function()
local StopCamera = require(game.ReplicatedStorage.Util.CameraShaker)StopCamera:Stop()
    for v,v in pairs(getreg()) do
        if typeof(v) == "function" and getfenv(v).script == game:GetService("Players").LocalPlayer.PlayerScripts.CombatFramework then
             for v,v in pairs(debug.getupvalues(v)) do
                if typeof(v) == "table" then
                    spawn(function()
                        game:GetService("RunService").RenderStepped:Connect(function()
                            if _G.FastAttack then
                                 pcall(function()
                                     v.activeController.timeToNextAttack = -(math.huge^math.huge^math.huge)
                                     v.activeController.attacking = false
                                     v.activeController.increment = 4
                                     v.activeController.blocking = false   
                                     v.activeController.hitboxMagnitude = 150
                                     v.activeController.humanoid.AutoRotate = true
                                       v.activeController.focusStart = 0
                                       v.activeController.currentAttackTrack = 0
